-4.1622773607344300e-003 4.8789064817918629e-002
-4.9654204908179179e-004 -2.7191922422302076e-002
-3.3488153877897588e-003 -1.2648197871582757e-002
-7.1987842969226312e-003 4.0578185596814698e-002
9.3563403228068484e-003 1.0167237127661766e-004
1.5128537804471875e-003 3.5735421774256718e-002
9.7669898898286849e-003 -2.6466677229389869e-002
9.7247874599981406e-003 -1.6275253336601216e-002
-1.6127941825917836e-003 -1.3086437619695059e-002
-9.7814210871784053e-003 3.6678633190708312e-002
-2.4432346922583239e-003 -3.8613995494503742e-002
-2.5867375045036866e-003 -9.0525850643016891e-003
8.4387304802622173e-003 1.7793820600131129e-003
-5.3904159778719249e-003 -3.4342577955869459e-002
-7.0560346447341065e-003 -2.4906829688594243e-002
-2.5661154390530152e-003 -4.0948772585256810e-002
6.9360666189717951e-003 -1.0889655068991961e-002
6.5622395165569050e-003 3.5686070399446997e-002
-6.5287886761037067e-003 -4.4736331043745178e-002
-9.0155062065309342e-003 -2.2045233468693710e-002
-5.2142780255125644e-003 -2.8603968608048827e-002
2.5135051165005740e-003 3.4568855504078518e-002
1.0508033976069310e-002 8.2282487871046008e-003
-8.8616735220971282e-003 5.3829152896208571e-003
-3.8075454931210248e-003 -2.8373137313541692e-002
-8.0046456259848155e-003 -3.5890223096857347e-002
-3.1598872104003674e-003 -2.4622915936913830e-002
-8.8552892073965224e-003 -3.9595008088517975e-003
-5.5441276280580919e-003 -2.7643929816555595e-002
-4.5002123396533328e-001 -4.1336235544583884e-002
-4.4664575671722934e-001 -3.6116691246395750e-002
-4.5507501787957977e-001 -1.5784464461236446e-002
-4.5288886746562645e-001 -2.5823433741179050e-003
-4.4027599065206241e-001 -8.2217840565533603e-003
-4.3813740855017302e-001 -1.0180788899143162e-001
-4.4685079750982037e-001 -1.9160973897782749e-001
-4.5203416095961657e-001 -2.9487756907234142e-001
-4.4127492468613150e-001 -4.3347338018707260e-001
-4.5612647030427939e-001 -4.9762234936248528e-001
-4.4966821125498185e-001 -6.0608817037119478e-001
-4.5745664670880964e-001 -6.8181148297770056e-001
-4.5335473940466020e-001 -8.1695619728094016e-001
-4.4760300200190373e-001 -8.7761415854771241e-001
-4.4772058247611451e-001 -1.0236204329665302e+000
-4.3972867532892757e-001 -1.0640436761356360e+000
-4.4760606463018865e-001 -1.1140751733088534e+000
-4.4717867330466476e-001 -1.2444790503083216e+000
-4.4943960067335076e-001 -1.3032385425976989e+000
-5.4901192375096242e-001 -1.3312286300653005e+000
-5.4878846934988545e-001 -1.4001928176001215e+000
-5.6687365459639460e-001 -1.4359219197977429e+000
-5.4836563821113860e-001 -1.4158465532431661e+000
-5.4926065070856200e-001 -1.4370040972628924e+000
-5.4935325223695575e-001 -1.5264358220401526e+000
-5.5609940550524017e-001 -1.5550306407280470e+000
-5.5985197725655589e-001 -1.5942083479735956e+000
-5.5630859188088833e-001 -1.6569648254496316e+000
-5.5440458897361677e-001 -1.6889125465340353e+000
-5.5755217239505184e-001 -1.7406797392360858e+000
-5.6767615160800755e-001 -1.7672541339924752e+000
-5.5662548471128603e-001 -1.7950135558511444e+000
-5.5391643060572227e-001 -1.8475875598123852e+000
-5.5953333554364071e-001 -1.8564720210414571e+000
-5.5314540320865491e-001 -1.9298677462764071e+000
-5.6291350793417283e-001 -1.8776326161382344e+000
-5.5219290831980139e-001 -1.9104346807938659e+000
-5.6143483351389900e-001 -1.9257417018844269e+000
7.6527654217052044e-002 -1.9474993937061389e+000
7.4948961003247175e-002 -2.0424004569354306e+000
7.1107130232751725e-002 -1.9813621190195341e+000
6.9950077752087420e-002 -2.0184268079889369e+000
7.1280213891619593e-002 -2.0442822046235896e+000
7.0103908256727188e-002 -1.9525573595203656e+000
6.7346800682841088e-002 -1.7527974590283417e+000
6.8267048143480238e-002 -1.6727080527744791e+000
8.2594958864717197e-002 -1.4704880325845018e+000
8.0118758850977745e-002 -1.3301671436319791e+000
8.4018639092707764e-002 -1.2223576709656689e+000
7.3594361447147233e-002 -1.0569828245978650e+000
7.4836637626460339e-002 -9.5045987627909490e-001
8.0319842765214339e-002 -7.5558452694815370e-001
7.8521527524654230e-002 -6.1325113233862116e-001
7.7730502667234774e-002 -5.0412486396728806e-001
8.3093534368376409e-002 -4.6933318156363624e-001
7.4523833401942283e-002 -3.5582899488744540e-001
7.3651615599837295e-002 -2.7703761945196698e-001
-9.8292854629531423e-001 -1.9664611798869228e-001
-9.6849744524310766e-001 -1.2841659158202059e-001
-9.6830593339908277e-001 -5.0779711643765005e-002
-9.7653980641926696e-001 -1.7944549686495479e-002
-9.7055309571805670e-001 -7.0967844334076269e-002
-9.8233007431470298e-001 -1.8666471258962045e-001
-9.7015774922963294e-001 -3.1669057299495285e-001
-9.7445848090806308e-001 -5.4546964738654258e-001
-9.7433764437439685e-001 -7.7285820874410494e-001
-9.8042580867827278e-001 -1.0623756310737760e+000
-9.7915415332884714e-001 -1.2181832171117211e+000
-9.7901038446194188e-001 -1.5290559465211575e+000
-9.6353622053953902e-001 -1.6750316528028100e+000
-9.7194760292731308e-001 -1.9060296700826098e+000
-9.6702969999371513e-001 -2.1346764476982245e+000
-9.8055182748086112e-001 -2.3267881886530510e+000
-9.8049997156547020e-001 -2.4347690650213143e+000
-9.7522039167810926e-001 -2.5563813637399786e+000
-9.8156976552992092e-001 -2.7051004737556932e+000
-8.8575837293670467e-001 -2.8614724481213898e+000
-8.9716093913688577e-001 -2.9325416290910362e+000
-8.8717497075341301e-001 -3.0091426089391802e+000
-8.8547906108018493e-001 -3.0658809878242228e+000
-8.9006022838081500e-001 -3.1958324859552460e+000
-8.8986061739053290e-001 -3.2415584274803670e+000
-8.9559682780924099e-001 -3.2677741230250699e+000
-8.9250157261768537e-001 -3.2614795857681909e+000
-8.9599550702548159e-001 -3.2689023293192108e+000
-8.9055138560919633e-001 -3.2978853308379090e+000
-8.7978790622607361e-001 -3.3271932251384184e+000
-8.8484009930511354e-001 -3.3332448190305954e+000
-8.9878511741609346e-001 -3.3797133732555511e+000
-8.9882539341617851e-001 -3.3760803628856464e+000
-8.8172021277516699e-001 -3.3501597556994662e+000
-8.9490570147073578e-001 -3.4058066972842727e+000
-8.8550882582859192e-001 -3.3483665780668934e+000
-8.9595326112112594e-001 -3.3943140953947144e+000
-8.9925023419916417e-001 -3.3714759837765409e+000
-7.5792889797281410e-002 -3.3339337082547060e+000
-7.4525850127280274e-002 -3.3034857127233441e+000
-6.6176726967743169e-002 -3.3129693490719792e+000
-7.6990709467392740e-002 -3.3599259207003351e+000
-6.0259134155833546e-002 -3.2533622675270881e+000
-6.7161386777810611e-002 -3.1806319014425433e+000
-6.8409765837356182e-002 -2.9734758568835344e+000
-6.0491598577320900e-002 -2.8712960660785818e+000
-7.4519276977147109e-002 -2.5999710347485472e+000
-6.0005485800550436e-002 -2.4588340675834495e+000
-6.3158255476769384e-002 -2.2343556938946172e+000
-7.1932473153410878e-002 -2.0057591329481004e+000
-6.4997695394915234e-002 -1.8843088637094172e+000
-7.8204575772268095e-002 -1.6622851457488590e+000
-6.6931536229822106e-002 -1.5352562924514934e+000
-6.0439627295537604e-002 -1.3544624053120982e+000
-6.9953243075181318e-002 -1.2623859948730902e+000
-7.2646160018266293e-002 -1.1672135677955575e+000
-6.6759687927829062e-002 -9.6828370761374360e-001
-1.7641998646523448e-002 -9.4435405228888025e-001
-2.5593497512431097e-002 -8.3652349269962833e-001
-2.0035414258831544e-002 -7.2531770388477113e-001
-1.7196980206087824e-002 -6.7636103978599449e-001
-2.9502792673893209e-002 -6.6142222064857581e-001
-1.6326851696982930e-002 -5.9923580499820561e-001
-1.5885467335033265e-002 -5.1647904221925167e-001
-2.0899565719762814e-002 -4.5715474673730028e-001
-1.6970104608143310e-002 -4.7308591768864200e-001
-3.2464681177587940e-002 -4.1653128385407329e-001
-1.9088747931514750e-002 -3.8019957258454895e-001
-1.9231642074585650e-002 -3.0332834691698235e-001
-3.0035428695263891e-002 -3.1652398292287870e-001
-2.7223099470404136e-002 -2.2967347945182934e-001
-2.8863852750364113e-002 -2.6815934608728664e-001
-2.9700800939176285e-002 -2.1867468089449005e-001
-2.2768110504874536e-002 -1.9093135438618500e-001
-2.9585725840711740e-002 -2.3513542839658977e-001
-2.7565654425762028e-002 -2.1420482059358609e-001
4.6743791729010720e-001 -1.6935482062201432e-001
4.7654600936680819e-001 -2.0096857306406474e-001
4.8119429212597253e-001 -1.2309291185626683e-001
4.6531724610580044e-001 -1.1389578105244363e-001
4.8499727051638414e-001 -9.8133893320302507e-002
4.8025696994836875e-001 -6.2379695500510431e-002
4.6577742937370459e-001 9.8386873620493837e-002
4.8408023263976219e-001 1.9618882049377698e-001
4.7240531383603734e-001 3.1366275051371972e-001
4.7666196040260544e-001 4.7543330256808930e-001
4.7191713097645333e-001 5.3414774792469533e-001
4.8098560082539410e-001 6.8298632377945401e-001
4.7830227627171396e-001 8.2388861117090439e-001
4.8342354597263099e-001 9.6592202420898354e-001
4.6546003759324117e-001 9.8591427948517807e-001
4.7202432192702348e-001 1.0538790180156372e+000
4.7731053998595663e-001 1.1896126803491736e+000
4.8210742332985573e-001 1.2704657889394011e+000
4.7013856575015894e-001 1.3065267829436176e+000
3.6999390712249358e-001 1.3316083674549322e+000
3.6128338903991097e-001 1.4395658824714772e+000
3.6401395931134733e-001 1.5141430716356981e+000
3.6328928584197190e-001 1.5509115485146776e+000
3.6638735795837757e-001 1.5821277366485862e+000
3.5948897768305410e-001 1.5877417365008208e+000
3.7657099257437926e-001 1.5791960425720286e+000
3.7550261139059893e-001 1.5200804416698910e+000
3.6477477085028320e-001 1.5650287163515608e+000
3.6262067606915349e-001 1.5847224203346373e+000
3.7556520487980755e-001 1.5257389614175201e+000
3.6868075105328713e-001 1.5415294048767563e+000
3.6479197011441139e-001 1.4878867169359558e+000
3.6377355145706175e-001 1.5284681308598080e+000
3.6422767870177047e-001 1.4565148110848314e+000
3.6977472595808292e-001 1.4487181501727200e+000
3.6139379448624137e-001 1.4710737991218230e+000
3.6786796483271722e-001 1.4542892725959948e+000
3.6251956230569288e-001 1.4895727024409711e+000
7.3996631091781573e-001 1.4778598971111849e+000
7.4838985482666665e-001 1.4517455762523688e+000
7.4859502119192012e-001 1.4691729783659582e+000
7.5161534875092040e-001 1.3966115822377341e+000
7.5209392796337604e-001 1.4537251660853137e+000
7.4433276564371598e-001 1.4849009348908213e+000
7.4533940380977803e-001 1.5789317347262797e+000
7.5302523630137286e-001 1.6507061400380647e+000
7.5132049435249060e-001 1.6944740983912667e+000
7.3914765506470836e-001 1.8172782097789362e+000
7.4236704849240343e-001 1.8957060431475046e+000
7.3882256378617961e-001 2.0554542655336729e+000
7.4974588563661126e-001 2.1374458174332367e+000
7.4835805629481877e-001 2.2124074480552189e+000
7.5403634429235877e-001 2.2068612857146861e+000
7.4145839931912150e-001 2.2764765794939708e+000
7.5120422251646179e-001 2.3974899738806430e+000
7.4271920954810755e-001 2.4347063390049692e+000
7.5040755727907027e-001 2.5001224076349713e+000
1.6000658006520635e-001 2.5041710410040281e+000
1.6412880101715940e-001 2.5933161889055532e+000
1.7185029479400538e-001 2.6006512325804279e+000
1.5833817383288873e-001 2.5804990981725724e+000
1.6326885594121432e-001 2.6110206928538813e+000
1.6893626537901058e-001 2.5308536398190857e+000
1.5662284143103555e-001 2.4432476524898816e+000
1.6269071984243660e-001 2.3823788554047516e+000
1.5789523975666558e-001 2.2291999976243710e+000
1.5913180162667451e-001 2.0551948910418774e+000
1.7351640892565737e-001 1.9391656381567355e+000
1.7513801724241262e-001 1.8065335474848352e+000
1.6423554510592142e-001 1.7101542600981174e+000
1.5810454234480550e-001 1.5650408695266567e+000
1.6451921205960471e-001 1.4714569300119091e+000
1.6488496866543292e-001 1.3492047797588094e+000
1.6821969781570961e-001 1.3140744472022334e+000
1.7079825052337347e-001 1.1604147892678616e+000
1.6918642497786626e-001 1.1457091710308658e+000
5.2371751093672370e-002 1.0920401539817861e+000
5.0429752401902006e-002 1.0559632434136892e+000
5.5289721840198702e-002 9.9176614288262255e-001
4.7403932836079500e-002 9.5068330517019362e-001
6.3661012593465210e-002 8.4025992678597838e-001
6.1269140894151884e-002 8.6664181453742783e-001
6.3229423697069881e-002 7.8522555586989740e-001
5.7008766645965575e-002 6.9910423106868402e-001
4.6595792047591011e-002 6.3691755853093879e-001
4.6482521280100747e-002 6.6497005342997917e-001
6.3594592924775734e-002 5.7190524147626898e-001
5.8799509210416517e-002 5.4506621040767389e-001
4.6412429471873545e-002 5.2605717593733425e-001
5.8810712916102570e-002 4.3650968773942284e-001
5.7423900565407422e-002 3.9692051505843584e-001
5.4101315163335495e-002 3.6823392569958435e-001
5.8149449978508176e-002 4.0467074582821894e-001
5.1061530789895081e-002 3.5683445796181468e-001
4.5629709058888634e-002 3.6454321570421261e-001
3.4746606446073830e-001 3.5535198586548361e-001
3.6429701969624911e-001 2.9313429002486291e-001
3.4950609983345077e-001 2.7299939922042471e-001
3.5331541092828761e-001 3.2589062621605835e-001
3.5232361210547292e-001 2.8438155983473135e-001
3.6511233181928904e-001 3.5849899862615947e-001
3.5148236736293276e-001 3.4013277263351860e-001
3.6548639023923279e-001 3.9877183519992632e-001
3.5075567926954915e-001 5.1447498586711704e-001
3.4800433769241468e-001 5.2539309425206548e-001
3.5949643601152848e-001 5.9919324609882441e-001
3.6094301822688696e-001 6.8284889189068043e-001
3.5200902341786111e-001 8.1726263360292040e-001
3.5446257426420930e-001 8.7516747165428177e-001
3.5091974946012011e-001 9.0846242281921696e-001
3.5825003634450192e-001 9.2105600696605927e-001
3.4957459307417377e-001 9.5157977654047732e-001
3.5167214668796565e-001 1.0055797782067402e+000
3.5610782516549683e-001 1.0822497410364149e+000
-2.5980434815139269e-001 1.1076076706267783e+000
-2.5950544806450404e-001 1.1323138418317606e+000
-2.5614177988735848e-001 1.2021664222805837e+000
-2.4948769206169619e-001 1.1867504259308295e+000
-2.5309842580306846e-001 1.1735675911096697e+000
-2.4280365691055125e-001 1.0553665212283225e+000
-2.5040028652297969e-001 1.0135636056793229e+000
-2.5751539257955902e-001 9.1908530028418034e-001
-2.4554020324012635e-001 7.2877849920035243e-001
-2.5563542731494088e-001 6.2719274211959286e-001
-2.5728781738522172e-001 4.7355469077435619e-001
-2.6102087610739760e-001 2.8374636161525063e-001
-2.4806917269920628e-001 1.5605861998553000e-001
-2.4570100384095525e-001 1.4451503336938863e-002
-2.5667681398825676e-001 -1.2814221877502807e-002
-2.6006197570529410e-001 -1.1982047509881742e-001
-2.6037133737139084e-001 -2.6530738220679040e-001
-2.4744656222093520e-001 -3.7735559504578065e-001
-2.5690897971269189e-001 -3.5817582879739729e-001
9.0380220226641550e-003 -4.2763224402900668e-001
5.6939897643120355e-003 -4.8377923624169905e-001
6.9464098294987585e-003 -6.1613195257395792e-001
1.7336836278420829e-002 -6.3573799597936231e-001
1.2167286188067476e-002 -6.2433470193503082e-001
1.2157242194115040e-002 -6.9640119638329412e-001
7.0368206578930014e-003 -6.1193037857141597e-001
2.1093086404131108e-002 -5.5233135171085135e-001
4.6464210869714452e-003 -6.0030736459796608e-001
1.7156917100490020e-002 -5.3262349976962131e-001
1.7739999340044950e-002 -4.9419387115617358e-001
8.9437667813393427e-003 -4.6437163842506213e-001
1.8255109786810698e-002 -3.2991873559244739e-001
6.1659935707867458e-003 -2.8750141151238529e-001
8.6594435487011342e-003 -3.2068109091238139e-001
1.5773452032884473e-002 -2.3425173590406126e-001
1.6945340242352180e-002 -1.9308645151405049e-001
6.1815371417861635e-003 -2.0022386728049479e-001
2.1962619129972081e-002 -1.4316600457748704e-001
-1.0446663279838111e-002 -1.1573744940080082e-001
-2.1008713535026740e-002 -7.5355154778562208e-002
-2.3625793565000573e-002 -9.9191984196604618e-002
-2.4693396477185926e-002 -2.6208355503111874e-002
-2.5525940173986225e-002 -7.1953028342420303e-002
-1.5493352678972835e-002 -4.7886035283205772e-002
-2.6134616802588675e-002 -6.3747368040996760e-002
-2.8689199825822208e-002 -5.9557972738341611e-002
-1.3376213307596641e-002 -1.7437688756444209e-002
-1.8427423960138873e-002 9.9437809857654547e-003
-2.9511624197246164e-002 -7.4814170038150968e-002
-2.9858931655192752e-002 6.0664810954957210e-003
-2.3988232122837579e-002 -1.5044315666736460e-002
-1.2299843021945242e-002 -7.6556501783771880e-003
-2.2228686954060928e-002 -6.9282328529251841e-002
-1.2341797117795945e-002 -2.7348137420185777e-002
-2.8021714354443554e-002 -6.4562736887430666e-002
-9.9807766413826070e-003 -9.8151997887878706e-002
-1.8628145390786301e-002 -5.7623719879519322e-002
-1.9113688498875700e-001 -8.7161552398614256e-002
-1.9618000578629546e-001 -6.4232444556564725e-002
-1.9479879408166006e-001 -6.8894167022223007e-002
-1.9476537294473320e-001 -1.1098842458223497e-001
-2.0736852957928631e-001 -1.1161803610705442e-001
-2.0470211931318616e-001 -1.2637445301059844e-001
-1.9015733959544259e-001 -1.4850713888183645e-001
-2.0192824158929748e-001 -1.9468111131170965e-001
-1.9689487436039588e-001 -2.5277093486745200e-001
-1.9401503712140594e-001 -2.9565501851408232e-001
-2.0339628656137651e-001 -3.0603554183119752e-001
-2.0375605184977968e-001 -3.4414485856681726e-001
-1.9727464523778193e-001 -3.5569713277571352e-001
-1.9159407700803036e-001 -4.2287277455021305e-001
-1.9769090386761490e-001 -4.4915453850923903e-001
-1.9786310153053480e-001 -4.6340536791366727e-001
-1.9671504130850737e-001 -5.5535257898272372e-001
-1.9992580147014097e-001 -5.7358735898592195e-001
-1.9528001240286189e-001 -6.2722629678440101e-001
5.9472800266845138e-001 -5.7490999557157929e-001
6.0425474379889055e-001 -6.4364050802639561e-001
6.0197716279608016e-001 -6.1496782958939666e-001
5.8991355017683222e-001 -6.6410354133237348e-001
5.9785259014714121e-001 -5.9691972589333520e-001
6.0120276594465849e-001 -5.4038261017505285e-001
6.0533918420854327e-001 -3.4834798145016099e-001
6.0451694926829358e-001 -1.8103839548396256e-001
5.9974257776664086e-001 -1.1955820459510302e-002
5.9842552163485119e-001 1.3640599754778751e-001
6.0103729165614095e-001 3.8835574705879472e-001
6.0551795441306777e-001 5.1734379008788056e-001
5.8905397949137617e-001 7.4587163234653775e-001
5.9282224917298632e-001 8.4967496249988983e-001
5.9196866103263202e-001 1.0270233912442033e+000
6.0690222174024222e-001 1.1926852867827198e+000
6.0563602152660612e-001 1.3204765349405714e+000
6.0711099842746130e-001 1.4295798515441724e+000
5.9330163360823407e-001 1.4761902364918651e+000
1.7771780591321555e-002 1.5649359289441642e+000
5.5411824129849392e-003 1.7338464618196063e+000
1.0059990933712204e-002 1.7330969274585737e+000
4.1870479423433936e-003 1.7763435658713593e+000
3.8013876690346678e-003 1.8441814828881735e+000
1.1111617870451148e-002 1.7948438751761515e+000
1.3762654216438757e-002 1.7832696808361790e+000
9.8347108340062356e-003 1.6167552543488373e+000
1.3424889231668454e-002 1.4964426642501887e+000
1.7815120437316395e-002 1.3871088346386560e+000
1.6826809634440349e-002 1.2588967165385381e+000
1.7397266031180230e-003 1.2052259377140799e+000
2.0318888725296864e-002 1.0264680641613080e+000
1.5170570648884314e-002 9.2099318837562250e-001
8.6804761819604028e-003 8.4641942493341693e-001
8.1786431345258967e-003 7.5693139927616526e-001
6.6514453267197994e-003 7.0425881370038101e-001
1.5060629820054103e-002 5.6245371760954854e-001
2.9598019152351097e-003 5.5212544502483041e-001
9.6225382573919616e-001 4.4297539365411409e-001
9.6508400052539467e-001 4.5384174741114713e-001
9.7323326922629771e-001 3.6260369431552975e-001
9.6705340128487238e-001 3.3509763699193779e-001
9.5536913643668686e-001 3.4550866313644774e-001
9.6089833437272287e-001 4.6769377681514968e-001
9.6444891577209690e-001 5.8212394830454617e-001
9.5775829206797847e-001 7.8536942069027404e-001
9.6821505690938670e-001 1.0085808674941448e+000
9.5487957400768142e-001 1.1972176035506901e+000
9.6115501744679999e-001 1.4077294266199387e+000
9.6837350985745951e-001 1.6723490582963405e+000
9.5736110854414924e-001 1.9053607284628395e+000
9.5480426064753299e-001 2.0382504606124714e+000
9.6807677549746629e-001 2.2643637903675407e+000
9.6264515332382039e-001 2.4014171279235152e+000
9.6021697042894383e-001 2.5589015021079868e+000
9.6299613614349400e-001 2.6328650162306335e+000
9.7027852650653157e-001 2.7280344432553409e+000
-9.2517687132735860e-001 2.9085839396884050e+000
-9.1479108009325294e-001 2.9307267282694069e+000
-9.2087520697057457e-001 3.0921909610167710e+000
-9.1158137281478835e-001 3.1517214308117749e+000
-9.2168586544564002e-001 3.0706153110512804e+000
-9.1278021229364770e-001 2.8301414083428740e+000
-9.1643355120852132e-001 2.5147368495394642e+000
-9.1115286103483673e-001 2.2056959965949705e+000
-9.1018333513238758e-001 1.7309907307048626e+000
-9.1070464320569433e-001 1.2599264759657660e+000
-9.0987977989384061e-001 8.7394656246798863e-001
-9.2437993175668598e-001 4.0585980764675600e-001
-9.2713363134184335e-001 5.2166005608696921e-002
-9.1053926815463893e-001 -3.2031301542246099e-001
-9.1655234425776722e-001 -6.6841094758801967e-001
-9.0836201286762086e-001 -9.4981945530713074e-001
-9.1517019269960709e-001 -1.3315848720681871e+000
-9.1010671637642782e-001 -1.5288530027880760e+000
-9.2358483500662591e-001 -1.7652508225490493e+000
-6.3281320099670502e-001 -1.9931729814389303e+000
-6.3814617379963468e-001 -2.1818210994319411e+000
-6.3575231602511184e-001 -2.2997036551319359e+000
-6.4713103061032895e-001 -2.5069526162333302e+000
-6.3826903012930059e-001 -2.5632930832053988e+000
-6.3724174344155837e-001 -2.6965648433307763e+000
-6.4521849702150569e-001 -2.7101808182718701e+000
-6.3019789580490171e-001 -2.6991429427290803e+000
-6.4381500015853288e-001 -2.6842001840207574e+000
-6.3405859061542869e-001 -2.6989377164631008e+000
-6.4112479950303158e-001 -2.6690440245893865e+000
-6.4092663175304065e-001 -2.7207557145103460e+000
-6.4530718119609287e-001 -2.6628178401359062e+000
-6.3211780512388849e-001 -2.6639801083642194e+000
-6.4221428146383919e-001 -2.6219948510118551e+000
-6.3729558180039403e-001 -2.6407280052833060e+000
-6.3379347486056148e-001 -2.6085890818085926e+000
-6.3937516392480520e-001 -2.6142464716044196e+000
-6.4028090058946663e-001 -2.5668631941893199e+000
-7.7196202101685235e-002 -2.5502177154287753e+000
-7.8030245163799458e-002 -2.5461287278298759e+000
-8.4533467235878318e-002 -2.5147330713890503e+000
-7.2286179377764409e-002 -2.5076400415434894e+000
-7.2271289907798283e-002 -2.4420826850770516e+000
-7.3240161223920588e-002 -2.3429844935994235e+000
-7.6233005957708516e-002 -2.2214733880008066e+000
-8.4810649006123590e-002 -2.0856844458635742e+000
-7.4773861305305736e-002 -1.9440231207399568e+000
-8.3154996440516216e-002 -1.7643706690914063e+000
-7.0588098452972828e-002 -1.6807890433481034e+000
-8.4373313879461953e-002 -1.5599758573255373e+000
-7.2031051785537273e-002 -1.3601714580789714e+000
-7.4623918919915322e-002 -1.3195775398341496e+000
-7.4311896562445176e-002 -1.1921445227148928e+000
-8.0584742566184100e-002 -1.0272892810786416e+000
-8.1324932536086483e-002 -9.3518602130861672e-001
-7.1983642095164058e-002 -8.4168691174068022e-001
-7.9390908964422940e-002 -8.0778468859562191e-001
-6.2846790044794254e-001 -7.4471564690628467e-001
-6.3025532273897711e-001 -7.3772044655067615e-001
-6.3716579871955437e-001 -6.4624198517242215e-001
-6.2819647193448880e-001 -5.9052048758755660e-001
-6.3932479444029955e-001 -5.4965698433613652e-001
-6.3057512965349094e-001 -6.1838086180731155e-001
-6.4421582495261154e-001 -7.5047532996531885e-001
-6.3090765786100300e-001 -7.8873332275444474e-001
-6.2629900313053877e-001 -9.5754923206123310e-001
-6.4446540124715646e-001 -9.9138424590931651e-001
-6.3238275701431867e-001 -1.1151433984551349e+000
-6.3843288035529555e-001 -1.2922063538608790e+000
-6.2987857791348001e-001 -1.3673168217611675e+000
-6.4395702305925928e-001 -1.5369151483317995e+000
-6.2783284791276206e-001 -1.5863784851007550e+000
-6.3667112428224359e-001 -1.6647510538643793e+000
-6.3096235029044845e-001 -1.8091285151536187e+000
-6.3664879659598783e-001 -1.7934792402561164e+000
-6.4181657732398423e-001 -1.8896546293482073e+000
-2.5095101709968820e-001 -1.9711358222519515e+000
-2.5009007175261244e-001 -2.0341036353484845e+000
-2.5411653283030072e-001 -2.0489441696749595e+000
-2.4615340902025587e-001 -2.1062846914491984e+000
-2.5631897587103486e-001 -2.0882351569547679e+000
-2.5029554279784805e-001 -2.1408135192194124e+000
-2.5573431894437504e-001 -2.0875218165644593e+000
-2.5507836578103571e-001 -1.9867328431161211e+000
-2.3994692884052396e-001 -1.9234607960105938e+000
-2.4683044692454240e-001 -1.8808748430658939e+000
-2.5900156983011774e-001 -1.7859398713154249e+000
-2.4789787839338576e-001 -1.7026130342106398e+000
-2.3965257082839517e-001 -1.6024607447217143e+000
-2.4222192144873714e-001 -1.5172641039855372e+000
-2.5211780750987756e-001 -1.4491655180269740e+000
-2.5164393552761688e-001 -1.3613826476424378e+000
-2.5538979506568504e-001 -1.3700199931370087e+000
-2.5396298393529460e-001 -1.3228977387029741e+000
-2.5425171211346070e-001 -1.2557111586115541e+000
-4.6956738616293664e-001 -1.2650513820565790e+000
-4.7084963107334632e-001 -1.1716058169728687e+000
-4.6667607219274027e-001 -1.1169414583438602e+000
-4.7532840669590598e-001 -1.1240474540107814e+000
-4.7846441018766533e-001 -1.1418851884841541e+000
-4.7217211388267494e-001 -1.1233545331276211e+000
-4.7672628398136313e-001 -1.1645296609837721e+000
-4.7900803167602529e-001 -1.1739393925073773e+000
-4.6239339126868589e-001 -1.2411638999562973e+000
-4.6679367804948774e-001 -1.2147957806794338e+000
-4.8036230235397726e-001 -1.2778155761403105e+000
-4.7131457569469976e-001 -1.3786867375413274e+000
-4.6898368950704961e-001 -1.4097110185919939e+000
-4.6497520411233095e-001 -1.4098801539618149e+000
-4.6909065833436864e-001 -1.4446675204285562e+000
-4.7764247745772098e-001 -1.5510374682054231e+000
-4.7148442086939740e-001 -1.4915808576411913e+000
-4.6763790539941807e-001 -1.5673525161653401e+000
-4.7680047678804011e-001 -1.6249873233383296e+000
2.8782508340559998e-001 -1.5854603897196764e+000
2.9581904934552927e-001 -1.5820049022061629e+000
2.8479964036658723e-001 -1.6854033284500205e+000
2.9654560500764449e-001 -1.6819714940648876e+000
2.8064950605386313e-001 -1.6354544813192915e+000
2.8607490110108330e-001 -1.5809446502770572e+000
2.8331612278291557e-001 -1.4409288562829334e+000
2.8211660293890994e-001 -1.2701243424771045e+000
2.8594109139328944e-001 -1.0373881855693410e+000
2.8622360187075424e-001 -9.0662802908173878e-001
2.9735871335119163e-001 -7.0342191469881865e-001
2.9836010328347423e-001 -5.0072516987421944e-001
2.8799208172502799e-001 -3.5088411943122189e-001
2.8571859290598534e-001 -1.9944219619612824e-001
2.8106256102287175e-001 -1.5394277506185786e-002
2.9286632073873570e-001 1.2456394387509723e-001
2.8280883578952853e-001 1.7379377762600826e-001
2.8476525861209429e-001 2.6543247849495427e-001
2.8299137092378629e-001 3.6809717774172807e-001
3.8369641940759390e-002 4.4022328022702184e-001
3.3201610821038445e-002 5.7578122468834525e-001
3.2085475410667259e-002 6.4420517977508218e-001
2.4933738554101616e-002 7.2271509652208055e-001
4.1953112404073567e-002 7.4884659973702528e-001
3.6543520912066599e-002 7.7967906582415480e-001
3.5993770700167065e-002 6.7812596549416493e-001
3.5640870696466903e-002 7.0663695300602547e-001
2.5552192933258985e-002 7.0890618466559030e-001
2.8659104442914144e-002 6.2289003777024776e-001
2.5832369120857158e-002 5.4430144274310988e-001
3.0950999399210286e-002 5.7996070432501989e-001
4.0308136805050764e-002 5.2742704220109138e-001
3.0934945139693280e-002 4.5226014537406151e-001
3.3012920003470288e-002 4.5755462258242324e-001
2.2635088292388868e-002 3.9437118241574742e-001
2.5704031806522993e-002 3.9666764562513090e-001
3.0817133128902427e-002 3.1612191094085157e-001
2.2489325044101290e-002 3.5333668706046217e-001
-5.5339926760619551e-001 3.0309480183381415e-001
-5.4367163938717766e-001 2.8406163565410542e-001
-5.4393470097553975e-001 2.9554467291213754e-001
-5.5345930817887601e-001 2.0739314951763252e-001
-5.3921418083513106e-001 1.7328042732538787e-001
-5.4689568087571427e-001 8.2585389170142215e-002
-5.4091947994553102e-001 -4.9534197312309125e-002
-5.3875589833862825e-001 -1.9542462386059967e-001
-5.5162197692617854e-001 -3.3896707079787469e-001
-5.4927250879843137e-001 -4.8130261185564766e-001
-5.5018582007725025e-001 -6.2486933826351465e-001
-5.3813228149657999e-001 -7.6090715511998996e-001
-5.3680511523645869e-001 -9.3559817864857608e-001
-5.5550606636965949e-001 -9.9149289343821900e-001
-5.5616864247625986e-001 -1.1413658096780970e+000
-5.4780676632704506e-001 -1.2086700157602894e+000
-5.4778415284070825e-001 -1.3670791229573074e+000
-5.5493254504914680e-001 -1.4040641011922192e+000
-5.4295015992349327e-001 -1.5135550210236364e+000
-8.8528561100657288e-001 -1.5908436249422362e+000
-8.8315817715379419e-001 -1.5952956700016951e+000
-8.8983150666900923e-001 -1.6691530474137215e+000
-8.8026664897068352e-001 -1.7850421303638977e+000
-8.7375855390709267e-001 -1.8108103660616996e+000
-8.8375479103333421e-001 -1.9022741869574677e+000
-8.7632672583124760e-001 -1.9545018736422231e+000
-8.9330897346715354e-001 -2.0953169158444567e+000
-8.9152854447329999e-001 -2.1465284377388216e+000
-8.7945426718690434e-001 -2.2816254035042602e+000
-8.8895363641045311e-001 -2.4458960961120844e+000
-8.8643612953181383e-001 -2.5328308140089835e+000
-8.8122747835315840e-001 -2.6188765700897512e+000
-8.8928990845369749e-001 -2.6815841734635044e+000
-8.8458593232386251e-001 -2.7604981273597180e+000
-8.8295238156688594e-001 -2.7923419602265467e+000
-8.8089969889917774e-001 -2.9099302672933445e+000
-8.7476783332304353e-001 -2.9541082524434410e+000
-8.8875066348724507e-001 -2.9615302469415474e+000
2.8098416263141451e-001 -3.0337518900806972e+000
2.9380798847425038e-001 -3.0557192903864836e+000
2.9424470211475040e-001 -3.0505510239561220e+000
2.8103052997401690e-001 -3.1634352904846894e+000
2.8035738465070154e-001 -3.0454846969733920e+000
2.7997916655821203e-001 -2.9120557402816454e+000
2.8031513885140180e-001 -2.6773199354279842e+000
2.9409292577244833e-001 -2.5000020173439554e+000
2.9120630564819300e-001 -2.2314566789442489e+000
2.8753573056200205e-001 -1.9236378809325096e+000
2.9458896601318996e-001 -1.6439369474008139e+000
2.8748617217128664e-001 -1.3392094446365133e+000
2.8694416450312199e-001 -1.0819418556897125e+000
2.8138691177868774e-001 -8.4622673375271784e-001
2.9527480769226794e-001 -6.6661896579222368e-001
2.8008427957528970e-001 -4.2652229343108622e-001
2.7926215870406679e-001 -3.2908519824323562e-001
2.8851383072958392e-001 -9.9201091928514881e-002
2.9676952250488381e-001 2.2482958807409047e-002
9.3166108335158615e-001 1.1451249819411968e-001
9.2927803856899216e-001 3.0701009633504400e-001
9.4572980059066414e-001 4.1200857823035014e-001
9.3460838462244533e-001 4.8137433593061413e-001
9.3854006568179182e-001 5.7122542973713952e-001
9.4169936406262933e-001 7.9473937224945435e-001
9.3594040344597751e-001 9.8561606102104393e-001
9.3951646028262548e-001 1.1216922664967022e+000
9.4091723197041122e-001 1.3092446174622985e+000
9.4417401828584191e-001 1.5498669973408148e+000
9.2924602083243801e-001 1.6967351350890301e+000
9.4495885526819823e-001 1.9266449693279271e+000
9.2729950319961851e-001 2.0900029964603459e+000
9.4589448296139977e-001 2.2261449173620660e+000
9.3951634105367376e-001 2.4036071185916876e+000
9.3848975302920601e-001 2.5600295363540808e+000
9.4168519830364350e-001 2.6225613690258713e+000
9.2906702261906915e-001 2.7733471355386392e+000
9.4294528680087852e-001 2.8486230804157948e+000
1.7900792528626411e-001 2.9261422585462782e+000
1.8250858900868541e-001 2.9771188800000408e+000
1.7629692976880015e-001 3.1256622634251250e+000
1.7028473594686844e-001 3.1394864503049487e+000
1.8064490833844124e-001 3.1487982244945423e+000
1.8106364996496263e-001 3.0783743356732516e+000
1.7261197661810637e-001 2.9490684199234156e+000
1.8342523534221541e-001 2.8719285138112500e+000
1.8368933349190170e-001 2.7001870318475962e+000
1.8038146020056164e-001 2.4755119230601585e+000
1.7558936487299606e-001 2.3460362477414556e+000
1.6756849375109109e-001 2.1971429910284148e+000
1.7194109741672473e-001 1.9831828646107654e+000
1.8413804575603523e-001 1.8624537206174707e+000
1.6820003524838711e-001 1.7794073436142854e+000
1.8633332676507891e-001 1.6072733266825892e+000
1.8532307777087265e-001 1.5260818786350885e+000
1.7350229731682965e-001 1.4304937784677656e+000
1.7296291653438098e-001 1.3117464007261235e+000
1.4434634975615276e-001 1.2170104530992480e+000
1.4615334405006081e-001 1.1350831421367651e+000
1.4258701665189116e-001 1.1044640717800607e+000
1.4785272614752881e-001 1.0573317494960317e+000
1.3381197830105993e-001 1.0213493496684189e+000
1.3730955429541150e-001 9.7996540053293768e-001
1.4869675833326793e-001 9.0277616497498625e-001
1.4259636995663150e-001 8.3272064481205466e-001
1.4428694727040287e-001 7.6944195872435095e-001
1.2929163247206624e-001 7.7876008576757472e-001
1.4803686605832694e-001 7.0719548217924388e-001
1.2995235986366846e-001 7.6943830015155279e-001
1.3447783851809300e-001 7.4019856230329029e-001
1.4180738504026388e-001 6.7584483110103266e-001
1.3904014243116253e-001 6.7971067201169022e-001
1.3816672053574922e-001 6.7407204169778467e-001
1.4060121885797575e-001 5.9569169665132304e-001
1.4670527614803736e-001 6.2655553642751327e-001
1.3112681392163283e-001 6.0392479788002917e-001
-4.3626508564628169e-001 5.8759621496064651e-001
-4.4397468708245730e-001 5.8714419284747321e-001
-4.4248406728092127e-001 5.3103172631275830e-001
-4.3035702528199943e-001 5.3032751146853774e-001
-4.4060632263691402e-001 4.8513193491884649e-001
-4.3462146423543757e-001 4.3933079771617628e-001
-4.4090360788970895e-001 3.2530168592343445e-001
-4.3863992658780065e-001 1.6408170835719396e-001
-4.4177575468531127e-001 4.0179607770037942e-002
-4.4527900420749494e-001 -5.7902709626655252e-002
-4.2850410446822718e-001 -2.2798514496848762e-001
-4.4384267496849550e-001 -4.1950677524503471e-001
-4.4056013539512190e-001 -4.8292759054637852e-001
-4.3638452155176760e-001 -6.8802540015244074e-001
-4.3742799370824287e-001 -7.7192581234090341e-001
-4.4254776482131009e-001 -8.4664673440763216e-001
-4.3221562891429305e-001 -9.9613814093453290e-001
-4.2945137486316759e-001 -9.8810750332888087e-001
-4.4137478119654106e-001 -1.0971219596626904e+000
3.3975719185862358e-001 -1.1658517743867955e+000
3.3751947337024774e-001 -1.1916278238707181e+000
3.4344966801487437e-001 -1.3173774130326126e+000
3.4589245926948770e-001 -1.3751823332328121e+000
3.5650837322765322e-001 -1.3513039838024510e+000
3.4978962469102065e-001 -1.2197747913061534e+000
3.3936358534653538e-001 -1.1567513166050349e+000
3.4985724343862901e-001 -9.6151839160675157e-001
3.5054800770145672e-001 -7.6612226664134297e-001
3.5618950134134664e-001 -6.7918281289150828e-001
3.4567330304951521e-001 -4.6464661675270791e-001
3.4370699517862152e-001 -2.3825664632912544e-001
3.5484082195391065e-001 -7.5412980346009781e-002
3.4023714106200359e-001 -1.9748002112102793e-002
3.4167346722309411e-001 1.4215525700502141e-001
3.3728647371650705e-001 3.4419935727772333e-001
3.4693327265671120e-001 4.5009561903865480e-001
3.4915923353776090e-001 5.4158932446825203e-001
3.4235248543669078e-001 6.5648353546439486e-001
-2.7583695620501070e-001 7.1207466494861138e-001
-2.9001333548259484e-001 8.0982093894935026e-001
-2.8113316846812619e-001 8.7736301844843889e-001
-2.8605687140270331e-001 8.5437874021693161e-001
-2.9120305613864861e-001 8.7727549165836449e-001
-2.7726183335809823e-001 9.0070432651721277e-001
-2.8624263762987234e-001 7.8382848226637203e-001
-2.7644586044406416e-001 6.5755427782255826e-001
-2.7620303062979656e-001 5.8189492736158510e-001
-2.8620617991780761e-001 4.2849247903886323e-001
-2.9323111347001957e-001 3.0579711343470178e-001
-2.9455757975252544e-001 1.4745930789738965e-001
-2.7634177435054230e-001 2.8268148544354943e-002
-2.8037852716266126e-001 -1.2181178233760825e-001
-2.8141360926368436e-001 -1.8247022458956205e-001
-2.8344027097183494e-001 -2.9753124788872265e-001
-2.8885240670758011e-001 -4.0493634253319760e-001
-2.8619900112224111e-001 -4.1139965203754714e-001
-2.9395741184042617e-001 -5.0949660865298574e-001
1.2476176849509114e-001 -6.1672502340972202e-001
1.1941640025829137e-001 -7.0514906668530364e-001
1.2270444421492957e-001 -6.6653772318541071e-001
1.3592525713349998e-001 -7.4716150049471697e-001
1.1961581681013606e-001 -7.6460472254358403e-001
1.2721061211762685e-001 -7.0721233763487878e-001
1.2204054216048466e-001 -7.3307940225464874e-001
1.2895126808291169e-001 -6.7547944576390617e-001
1.3249305978193907e-001 -5.1866951353418866e-001
1.2151288900507090e-001 -5.0466548627181174e-001
1.3738246148271699e-001 -3.5391534419186743e-001
1.3800164097799758e-001 -3.0098543837370451e-001
1.2894960388199628e-001 -2.2952423631908145e-001
1.2032888548003848e-001 -1.6171060556728181e-001
1.3015142140399252e-001 -8.6517769265924291e-002
1.2092502710406731e-001 -3.5023181199024908e-002
1.2289254948186502e-001 7.5427485886417747e-002
1.3234395761958123e-001 1.1190928753264490e-001
1.2037575983095820e-001 1.3583053440154341e-001
-4.5664081863246614e-001 2.1939499836779483e-001
-4.6124391406136178e-001 2.0947566759355138e-001
-4.5485734483462409e-001 2.1841276701234533e-001
-4.5140366434842688e-001 2.3824710157483714e-001
-4.5071984387839836e-001 3.0160710288410375e-001
-4.4445738553276654e-001 2.0858511562598483e-001
-4.4535599566534911e-001 1.2593339853754071e-001
-4.4956524091160111e-001 -8.1226937272957048e-003
-4.4603004455795148e-001 -8.2681868531400096e-002
-4.6031955251270451e-001 -2.5411388198487461e-001
-4.4914825306291195e-001 -3.8419126065849352e-001
-4.6127178196223956e-001 -5.0422386831662991e-001
-4.5788266218716006e-001 -6.3158948117853586e-001
-4.4781167450846665e-001 -7.4488509949601533e-001
-4.5983922193947219e-001 -8.4972333426249769e-001
-4.5637917819144103e-001 -9.1141271348022423e-001
-4.5226285231134467e-001 -9.9524415185458315e-001
-4.4762510070892597e-001 -1.1664972326799394e+000
-4.5950363373317482e-001 -1.2399415604908059e+000
-6.3614975093115300e-001 -1.2738554364917198e+000
-6.3173283791821777e-001 -1.2956951904770850e+000
-6.3782672161227150e-001 -1.3180961375923650e+000
-6.2037311269027973e-001 -1.3780132102799101e+000
-6.3821604272482235e-001 -1.4759266509225630e+000
-6.3505596453148638e-001 -1.4767978104172088e+000
-6.2290493732709817e-001 -1.6088119701646153e+000
-6.3751777564888057e-001 -1.6399450219612792e+000
-6.2004055295553007e-001 -1.7303046422453481e+000
-6.2348013518084899e-001 -1.7654380696114167e+000
-6.2949885391629934e-001 -1.8069121451747796e+000
-6.3391950631656058e-001 -1.8728162335814489e+000
-6.3639777838985423e-001 -1.9365673965580590e+000
-6.2531525324705495e-001 -2.0243169302410911e+000
-6.3162225450850062e-001 -1.9876660688236440e+000
-6.3762462874281123e-001 -2.0766579267846281e+000
-6.3348467427449184e-001 -2.0957922548409655e+000
-6.2190598540764552e-001 -2.1379618836515224e+000
-6.2955242207359463e-001 -2.2038238477335872e+000
7.3352058657850228e-001 -2.1688548455669250e+000
7.3444889327122997e-001 -2.1922516537615198e+000
7.3612596492078053e-001 -2.2321205485284765e+000
7.2035805097672523e-001 -2.2352360949401788e+000
7.1671676397641237e-001 -2.2366587254960617e+000
7.2567902161571063e-001 -1.9796703488236391e+000
7.2788444299727029e-001 -1.7853804191694986e+000
7.2258979920397426e-001 -1.4167036571550136e+000
7.3279099615972376e-001 -1.0984281628641408e+000
7.1677233868608237e-001 -8.4423772532998764e-001
7.2696140452276869e-001 -4.8432772411237923e-001
7.2424806007587439e-001 -1.0540498428305305e-001
7.3024087319986086e-001 1.3795245099948755e-001
7.2456515183505121e-001 4.6383685951693482e-001
7.3576486885152004e-001 6.6980826413928241e-001
7.2068676391035791e-001 9.1903575877503818e-001
7.1841792643525604e-001 1.1545056744255511e+000
7.2313954306414585e-001 1.3046216928499859e+000
7.2513978153018144e-001 1.4836482113358633e+000
-3.5295939065153803e-001 1.6823502202458955e+000
-3.5446958836533032e-001 1.7592250054632146e+000
-3.6234485476076139e-001 1.9096074638597687e+000
-3.5945331683010662e-001 2.0090447228642638e+000
-3.6301889821140287e-001 2.0429555721987747e+000
-3.5723003871791947e-001 2.0232651463519415e+000
-3.6067351496548083e-001 1.8695794003239423e+000
-3.4956877610537795e-001 1.6123086533846098e+000
-3.6483041627119506e-001 1.4397328454122189e+000
-3.5869464280663638e-001 1.1745361403510248e+000
-3.5572022744935411e-001 9.8483328935953096e-001
-3.6585769020302383e-001 7.5289470817517068e-001
-3.5147786656246810e-001 5.8225730295080247e-001
-3.6305687865129660e-001 3.3551761074786024e-001
-3.5628071986542265e-001 1.8195575560860267e-001
-3.6690174336942782e-001 9.4381034150572661e-003
-3.6376151103469939e-001 -1.6575596786023708e-001
-3.5140635206868620e-001 -2.8971934239410702e-001
-3.5052111559138160e-001 -4.5670227444390582e-001
-5.9080745352001340e-001 -5.4453773514824255e-001
-5.9181406762996647e-001 -6.5090989186255210e-001
-5.9712301231219644e-001 -7.1802306714239506e-001
-5.8312135862410852e-001 -8.2987190169236058e-001
-5.9825949924961819e-001 -8.6469689403656136e-001
-5.8705537613407766e-001 -1.0173694054200697e+000
-5.8285159906425654e-001 -1.1231822375309541e+000
-5.9715376518116459e-001 -1.2072006849397765e+000
-5.9471236096646085e-001 -1.2473120104861157e+000
-5.8792062104536624e-001 -1.3986845710097628e+000
-5.9795284199175602e-001 -1.4280179922863998e+000
-5.9778601250468399e-001 -1.5129351939236242e+000
-5.8828194636356468e-001 -1.6488909988169551e+000
-5.8471922664449394e-001 -1.6645327720842620e+000
-5.8132253122056443e-001 -1.7288068528893346e+000
-5.8307691500100611e-001 -1.8555667820881250e+000
-5.8977783871962863e-001 -1.8627127071972036e+000
-5.9215844059411826e-001 -1.9525450122143391e+000
-5.9433812460306401e-001 -1.9500809242723400e+000
-2.5681607054151351e-001 -1.9674735894860191e+000
-2.5874279973051706e-001 -1.9971815031177811e+000
-2.6255287368909053e-001 -2.0197253462465090e+000
-2.5944328660946697e-001 -2.0662770838874267e+000
-2.4885164025583362e-001 -2.0919416249257403e+000
-2.5013847044738324e-001 -1.9925836552111391e+000
-2.6542715475852580e-001 -1.9579531774048378e+000
-2.6314083938622218e-001 -1.9240030633898479e+000
-2.5150435622261841e-001 -1.8599252575093697e+000
-2.5551288573336234e-001 -1.7638786927545418e+000
-2.6321230469288182e-001 -1.6709049291581839e+000
-2.5703560315120100e-001 -1.6657591987547591e+000
-2.5163758107577172e-001 -1.5384608789494947e+000
-2.6215174214141590e-001 -1.4573836755258680e+000
-2.6111574872464233e-001 -1.4422674021242581e+000
-2.6057226073110262e-001 -1.4166607350641973e+000
-2.5673098637520497e-001 -1.3340486264964742e+000
-2.4865422730816608e-001 -1.2452890464054009e+000
-2.6549051390589562e-001 -1.2371258526544475e+000
4.4645826112300230e-001 -1.2016245398242611e+000
4.5996617536135287e-001 -1.2254599251276419e+000
4.6151837212730745e-001 -1.1608889606057946e+000
4.5243186526743306e-001 -1.1046382787508362e+000
4.6203498105857793e-001 -1.1002437530361473e+000
4.5314055763355721e-001 -9.2497035586691534e-001
4.4647592393033086e-001 -7.7269450628413261e-001
4.5877091201112041e-001 -6.4928214838802922e-001
4.4857285650310569e-001 -4.4148760714923541e-001
4.5209608931411399e-001 -2.2195943234459806e-001
4.5679872294315038e-001 -4.1036574931489586e-002
4.5410131205992288e-001 1.1212289603493267e-001
4.4905079919795660e-001 2.8532733702951990e-001
4.4508329466253876e-001 4.1313942761941697e-001
4.5343920508069374e-001 5.7401877106293808e-001
4.4331511198140328e-001 6.8606288616634103e-001
4.5242129256678265e-001 8.8007808784343899e-001
4.5279223023344561e-001 9.7100289373587945e-001
4.4397185210285622e-001 9.9546450815274201e-001
-3.0287399182565694e-001 1.1389808575530032e+000
-2.9759480279101674e-001 1.1783100997900267e+000
-2.9478669995680545e-001 1.2638801721039894e+000
-3.0274060141171211e-001 1.2708634837718633e+000
-3.0027216861809702e-001 1.3154213086766648e+000
-2.9461260016763413e-001 1.2927603983524552e+000
-3.0256697818005590e-001 1.1800066521628014e+000
-2.9157716297838104e-001 1.0360292739848327e+000
-2.9103927175173361e-001 8.7364660241503378e-001
-2.9360169343760667e-001 7.1181409189517519e-001
-3.0015584565433001e-001 5.1909933724653479e-001
-2.9336800240694894e-001 3.6794406224841303e-001
-3.0032518852551737e-001 2.2669063626777886e-001
-3.0052087304111053e-001 1.2118032315760643e-001
-2.8751118957256983e-001 -7.1599655966569822e-002
-3.0146017133984981e-001 -1.5616218915710092e-001
-3.0501670770513262e-001 -3.2511183146736938e-001
-2.9785408247228262e-001 -4.0843893320744740e-001
-2.8855730799561374e-001 -4.3175504790106545e-001
-2.8083521361122943e-001 -5.8585205352960557e-001
-2.8758541345054867e-001 -6.3247458510914878e-001
-2.8651119438895550e-001 -6.9360583622390426e-001
-2.7877402994227402e-001 -7.2345558036579505e-001
-2.7757953811865710e-001 -8.2076444821089389e-001
-2.9639902888538144e-001 -8.7226465956530952e-001
-2.9229522146157266e-001 -8.8763317809380282e-001
-2.7882770780001276e-001 -9.2476519014215486e-001
-2.9588274828879663e-001 -9.1310219336395204e-001
-2.8133751046695316e-001 -9.2479856239753966e-001
-2.8273122830719039e-001 -9.9738102336525580e-001
-2.8815062312028739e-001 -9.4898873037022102e-001
-2.8179479833822157e-001 -9.5447158607032123e-001
-2.7866310782336717e-001 -1.0067882765423686e+000
-2.8887588123984531e-001 -9.7517878030519756e-001
-2.9470104696631960e-001 -1.0280040677783511e+000
-2.8495445265214842e-001 -1.0143303929941001e+000
-2.9126844317060130e-001 -1.0457604304047579e+000
-2.8296531399989033e-001 -1.0174465402692423e+000
8.3564248429821597e-001 -1.0232899311674757e+000
8.3798492137325686e-001 -1.0792274941486764e+000
8.2427111611220760e-001 -1.0263920439142487e+000
8.4189456647792604e-001 -1.0521104404604105e+000
8.2507858150463942e-001 -9.6726463524233741e-001
8.3297895441709036e-001 -8.0147223654692001e-001
8.2888735136568104e-001 -6.4375385536365848e-001
8.3661641648559681e-001 -4.1287139488140218e-001
8.2554756410389551e-001 -1.2369200206115971e-001
8.3729886014656674e-001 1.7511754959677159e-001
8.3884966952740081e-001 5.0209197397287020e-001
8.2737926094539493e-001 7.4840605265055771e-001
8.2495553290801760e-001 1.0109867579116072e+000
8.3554881846136275e-001 1.1816274463700436e+000
8.3501743191933875e-001 1.4310302292184920e+000
8.2996858433777443e-001 1.6282953548152426e+000
8.2667099024571300e-001 1.8311134898551253e+000
8.4091788661228284e-001 1.9839421983265542e+000
8.3241454180346208e-001 2.0568926305623165e+000
-5.8194384954481948e-001 2.2234450752959733e+000
-5.7428261455304486e-001 2.3289938901301936e+000
-5.6848464687690137e-001 2.4768113012968356e+000
-5.7064617188035671e-001 2.5002077167847974e+000
-5.8394783244187976e-001 2.5543839175350027e+000
-5.8328905896082461e-001 2.4297139922588031e+000
-5.7813276303551253e-001 2.2124051736934720e+000
-5.8387043686716433e-001 1.9490240224766930e+000
-5.7984308698372766e-001 1.5697673092128703e+000
-5.8010128107739467e-001 1.3159615691777240e+000
-5.7152013113433853e-001 9.4327111809578990e-001
-5.7280061409668337e-001 6.4198129445024366e-001
-5.6797395180761612e-001 4.0764080155916954e-001
-5.8397894597606426e-001 1.2458364179044433e-001
-5.8048277314369512e-001 -1.2419772473169363e-001
-5.7450664446521915e-001 -4.0772485875517617e-001
-5.6825438840940923e-001 -5.9319236605134162e-001
-5.7073659482896399e-001 -7.5740405508808073e-001
-5.7742884060070221e-001 -8.9658165325044714e-001
3.8051105465294558e-003 -1.0713560635154240e+000
-7.5615832727200915e-003 -1.1998673833782447e+000
-5.8638037489468827e-004 -1.3600582532993231e+000
-2.2070236836151812e-003 -1.4689838251043064e+000
2.9586541946811026e-003 -1.5292387774791738e+000
5.5800034649094860e-003 -1.5072063226967152e+000
-8.2490626950611247e-003 -1.4421430291211916e+000
-2.2440916896542817e-003 -1.4210633079670985e+000
2.1719049000147499e-003 -1.3070665965972479e+000
-5.5360752546057311e-003 -1.2044016882011648e+000
3.2648778083247537e-003 -1.0805881029687081e+000
1.1189604399295837e-003 -1.0081528191956921e+000
4.5919982733735720e-003 -9.4284893209235421e-001
-1.2286082888109938e-002 -8.2372971315530408e-001
-5.1659552322705724e-003 -7.3416121522410704e-001
1.1880646932959120e-003 -6.7244203320029594e-001
-1.0014579041483777e-002 -6.0719084245636656e-001
-3.0591902532488401e-003 -5.4095671531321210e-001
-5.2849175564359530e-003 -4.5714159632739548e-001
-8.3285617385733590e-001 -4.1574306292180219e-001
-8.2484363329775257e-001 -3.1186186577708136e-001
-8.3994158473354852e-001 -3.4874720499652168e-001
-8.3117348631528232e-001 -2.8144490696584396e-001
-8.3142012759713679e-001 -2.4077437311896999e-001
-8.2499544050238371e-001 -3.3634218850053710e-001
-8.3747141856722174e-001 -4.8149681732197575e-001
-8.2952625471094654e-001 -6.4013405789859645e-001
-8.3018411999945319e-001 -8.8316144274614772e-001
-8.3131886155984303e-001 -1.0391825757829871e+000
-8.3087743268962777e-001 -1.2058455470134706e+000
-8.3511310406902328e-001 -1.4465681748916812e+000
-8.3985226591231132e-001 -1.5901727416663491e+000
-8.4171826229865865e-001 -1.8140980622322738e+000
-8.4178731418888841e-001 -1.9187877756212477e+000
-8.2903490489368348e-001 -2.0336321089184199e+000
-8.4062243486609445e-001 -2.1569795388558020e+000
-8.3213726333950855e-001 -2.2809496049023430e+000
-8.3719349909802954e-001 -2.4422273840685147e+000
1.6615836969383382e-001 -2.4895970865998263e+000
9.6323356213599831e-001 -2.5974162741029425e+000
